"TOA5","HCHO_landfill_met","CR1000","50904","CR1000.Std.28.02","CPU:hcho-landfill-wx.cr1","3570","halfhourly"
"TIMESTAMP","RECORD","P_10m_Avg","T_10m_Avg","RH_10m_Avg","WS_10m_Avg","WD_10m_unit_Avg","WD_10m_epa_Std","T_2m_Avg","RH_2m_Avg"
"TS","RN","mbar","degC","","m/s","degTN","deg","degC",""
"","","Avg","Avg","Avg","WVc","WVc","WVc","Avg","Avg"
"2016-06-23 00:30:00",34,1009.094,19.55,37.01,2.746,236.2,9.68,19.63,41.37
"2016-06-23 01:00:00",35,1009.11,19.16,39.08,2.416,251.9,11.17,19.36,43.65
"2016-06-23 01:30:00",36,1009.21,18.91,40.36,1.465,231.3,12.31,18.65,46.63
"2016-06-23 02:00:00",37,1009.407,18.31,42.2,1.634,233.9,36.01,17.79,49.79
"2016-06-23 02:30:00",38,1009.455,17.71,45.4,1.722,233.6,10.93,17.15,53.47
"2016-06-23 03:00:00",39,1009.644,17.04,48.91,2.583,253.8,16.18,17.08,55.89
"2016-06-23 03:30:00",40,1010.027,16.5,51.23,1.429,251.4,25.91,16.35,59.69
"2016-06-23 04:00:00",41,1010.228,15.58,53.9,2.221,237.1,5.952,15.13,63.9
"2016-06-23 04:30:00",42,1010.58,14.94,55.66,2.108,231.9,10.38,14.71,65.34
"2016-06-23 05:00:00",43,1011,16.54,52.23,0.876,159,69.33,15.76,61.55
"2016-06-23 05:30:00",44,1011.448,17.62,50.14,0.442,357,72.52,16.39,61.32
"2016-06-23 06:00:00",45,1011.819,17.85,47.88,0.613,258,91.4,16.68,59.63
"2016-06-23 06:30:00",46,1012.161,18.02,47.54,0.612,300.3,76.76,17.09,58.8
"2016-06-23 07:00:00",47,1012.436,19.59,45.16,0.583,258.9,51.52,18.14,55.19
"2016-06-23 07:30:00",48,1012.688,22.85,39.21,1.123,153.6,66.71,20.78,47.05
"2016-06-23 08:00:00",49,1012.665,23.08,32.36,2.327,123,24.04,22.77,37.79
"2016-06-23 08:30:00",50,1012.592,25.08,25.77,5.463,297.3,70.72,24.54,28.72
"2016-06-23 09:00:00",51,1012.391,24.46,23.86,6.741,291.2,13.59,24.67,25.24
"2016-06-23 09:30:00",52,1012.521,23.8,25.79,6.252,300,11.57,24.07,27.62
"2016-06-23 10:00:00",53,1012.755,23.41,28.22,5.509,304.1,13.47,23.8,30.26
"2016-06-23 10:30:00",54,1012.92,23.9,27.73,5.126,308.1,15.06,24.19,29.88
"2016-06-23 11:00:00",55,1012.933,24.42,26.73,4.073,347.2,28.27,24.8,29.11
"2016-06-23 11:30:00",56,1012.886,25.73,24.14,2.632,24.31,59.33,25.64,27.18
"2016-06-23 12:00:00",57,1012.609,26.8,23.32,2.886,144.1,29.59,26.74,26.24
"2016-06-23 12:30:00",58,1012.574,26.72,24.21,3.092,171.2,89.9,26.55,26.86
"2016-06-23 13:00:00",59,1012.514,25.36,26.97,4.044,345.7,20.03,25.81,29.57
"2016-06-23 13:30:00",60,1012.373,26.34,25.91,3.207,345.6,28.32,26.55,28.44
"2016-06-23 14:00:00",61,1012.103,25.71,26.47,3.195,25.58,27.63,26.17,29.2
"2016-06-23 14:30:00",62,1011.936,26.18,26.25,3.097,67.52,44.92,26.91,28.6
"2016-06-23 15:00:00",63,1011.691,27.44,25.7,4.349,274.3,45.85,27.46,27.57
"2016-06-23 15:30:00",64,1011.528,27.18,25.83,6.185,306.2,12.62,27.5,27.73
"2016-06-23 16:00:00",65,1011.186,27.21,25.41,6.056,308.7,15.72,27.79,27.02
"2016-06-23 16:30:00",66,1010.907,27.01,24.98,7.66,307.4,13.64,27.61,26.53
"2016-06-23 17:00:00",67,1010.939,26.53,24.61,7.386,308.3,11.27,27.16,26.12
"2016-06-23 17:30:00",68,1010.901,26.02,24.98,6.345,307.6,14.86,26.59,26.49
"2016-06-23 18:00:00",69,1010.97,25.35,25.23,6.124,304.5,11.25,25.98,26.65
"2016-06-23 18:30:00",70,1011.039,25.54,25.03,5.671,303.1,9.83,26.07,26.6
"2016-06-23 19:00:00",71,1010.994,25.13,25.67,5.179,303.6,11.41,25.48,27.63
"2016-06-23 19:30:00",72,1011.024,24.29,27.71,4.263,297.2,9.86,24.58,30.02
"2016-06-23 20:00:00",73,1011.178,23.16,30.01,2.651,262.6,37.6,23.29,32.97
"2016-06-23 20:30:00",74,1011.505,22.07,32.24,2.516,215.4,12.62,21.61,37.02
"2016-06-23 21:00:00",75,1011.82,21.29,33.9,2.692,232,11.13,20.87,39.07
"2016-06-23 21:30:00",76,1011.972,20.02,37.29,3.394,237,8.8,20,42.05
"2016-06-23 22:00:00",77,1012.187,19.83,38.58,3.646,245.6,7.941,20.06,43.02
"2016-06-23 22:30:00",78,1012.344,19.57,39.88,2.953,235.6,7.331,19.54,44.96
"2016-06-23 23:00:00",79,1012.369,19.68,40.13,2.86,243.7,14.26,19.69,45.24
"2016-06-23 23:30:00",80,1012.609,20.22,38.52,5.709,293.9,14.86,20.67,42.78
"2016-06-24 00:00:00",81,1012.852,19.2,41.97,8.6,306,8.46,19.81,46.85
"2016-06-24 00:30:00",82,1012.721,18.53,45.67,7.778,300.4,8.13,18.99,51.77
"2016-06-24 01:00:00",83,1012.945,17.13,52.37,4.945,306.4,6.42,17.44,60.44
"2016-06-24 01:30:00",84,1012.997,16.89,51.45,5.709,303.8,8.56,17.34,58.55
"2016-06-24 02:00:00",85,1013.323,16.35,54.07,6.374,291.1,12.7,16.75,61.74
"2016-06-24 02:30:00",86,1013.509,15.58,57.82,5.392,298.1,11.15,15.95,66.4
"2016-06-24 03:00:00",87,1013.645,14.92,61.66,5.967,297.9,12.5,15.21,72.47
"2016-06-24 03:30:00",88,1013.884,13.44,70.68,4.942,302.8,5.388,13.98,82.6
"2016-06-24 04:00:00",89,1014.033,13.53,70.42,5.447,306.1,6.517,14.04,82.4
"2016-06-24 04:30:00",90,1014.254,13.59,67.15,5.572,302.9,5.682,13.97,79.25
"2016-06-24 05:00:00",91,1014.653,12.84,63.45,6.345,292.1,22.16,13.42,73.49
"2016-06-24 05:30:00",92,1015.264,12.56,60.3,7.264,301.1,5.622,13.18,69.73
"2016-06-24 06:00:00",93,1015.842,12.82,53.77,6.222,287.8,9.9,13.41,62.62
"2016-06-24 06:30:00",94,1016.229,13.01,53.41,4.577,300.7,8.82,13.13,64.97
"2016-06-24 07:00:00",95,1016.852,12.69,56.66,2.409,148.4,85.2,12.92,68.94
"2016-06-24 07:30:00",96,1017.395,12.97,50.84,1.536,112.8,56.65,13.4,60.84
"2016-06-24 08:00:00",97,1017.759,13.9,47.95,1.605,148.2,59.29,13.79,58.63
"2016-06-24 08:30:00",98,1017.944,15.03,46.13,1.626,34.18,29.2,14.94,56.84
"2016-06-24 09:00:00",99,1018.022,16.54,39.53,1.391,29.14,57.47,16.13,49.68
"2016-06-24 09:30:00",100,1018.25,16.98,38.05,1.959,155.5,39.48,16.49,47.7
"2016-06-24 10:00:00",101,1018.488,16.84,38.99,3.264,163.3,23.56,16.77,47.58
"2016-06-24 10:30:00",102,1018.697,19,32.51,5.091,233.3,45.07,18.66,37.01
"2016-06-24 11:00:00",103,1018.761,19.14,29.77,5.715,270.8,23,19.15,33.16
"2016-06-24 11:30:00",104,1018.762,19.12,29.66,4.886,237.7,19,19.08,32.86
"2016-06-24 12:00:00",105,1018.547,19.43,28.56,6.368,253.5,17.53,19.63,31.22
"2016-06-24 12:30:00",106,1018.504,20.03,27.08,6.72,250.9,21.51,20.36,29.29
"2016-06-24 13:00:00",107,1018.424,20.17,26.35,8.72,257.8,15.27,20.91,27.98
"2016-06-24 13:30:00",108,1018.416,20.91,24.75,9.05,253.1,19.91,21.62,26.26
"2016-06-24 14:00:00",109,1018.542,20.45,24.08,9.58,271.5,14.01,21.33,25.4
"2016-06-24 14:30:00",110,1018.529,20.74,23.88,9.35,270.2,16.11,21.52,25.27
"2016-06-24 15:00:00",111,1018.337,21.58,22.27,9.33,264.6,15.58,22.41,23.39
"2016-06-24 15:30:00",112,1018.191,21.9,22.16,9.08,265.3,14.91,22.75,23.21
"2016-06-24 16:00:00",113,1018.253,21.35,23.59,9.58,265,14.19,22.24,24.84
"2016-06-24 16:30:00",114,1018.331,21.41,24.36,8.42,255.4,15.67,22.16,25.75
"2016-06-24 17:00:00",115,1018.273,21.17,25.14,8.86,256.8,14.24,21.9,26.69
"2016-06-24 17:30:00",116,1018.19,21.52,25.52,9.33,267.5,15.33,22.3,27.1
"2016-06-24 18:00:00",117,1018.289,20.97,26.88,9.5,255.4,12.52,21.67,28.88
"2016-06-24 18:30:00",118,1018.369,20.79,26.76,8.29,255.9,13.34,21.51,28.64
"2016-06-24 19:00:00",119,1018.677,20.1,27.82,7.985,268.7,13.18,20.82,29.95
"2016-06-24 19:30:00",120,1019.185,19.36,30.35,5.696,254.4,12.88,19.95,32.89
"2016-06-24 20:00:00",121,1019.461,19.13,31.71,4.695,247.8,11.45,19.65,34.56
"2016-06-24 20:30:00",122,1019.751,19.04,32.95,4.073,239.4,8.82,19.35,36.31
"2016-06-24 21:00:00",123,1020.087,18.95,33.22,4.735,245.7,7.288,19.33,36.43
"2016-06-24 21:30:00",124,1020.366,18.77,33.8,4.486,246.3,7.979,19.13,37.16
"2016-06-24 22:00:00",125,1020.427,18.54,35.67,5.091,246.2,9,18.98,39.3
"2016-06-24 22:30:00",126,1020.456,18,38.23,4.917,238.7,8.49,18.37,42.49
"2016-06-24 23:00:00",127,1020.689,16.74,41.17,3.874,237.2,14.34,17.02,46.49
"2016-06-24 23:30:00",128,1021.021,15.38,45.13,2.444,238.6,8.06,15.31,52.33
"2016-06-25 00:00:00",129,1021.216,14.54,47.38,3.735,237,7.116,14.73,54.43
"2016-06-25 00:30:00",130,1021.549,13.8,49.48,4.2,229.4,6.689,14.1,56.7
"2016-06-25 01:00:00",131,1021.557,13.93,48.63,3.865,231.1,7.431,14.43,55.13
"2016-06-25 01:30:00",132,1021.649,14.2,47.62,3.471,235.8,7.653,14.57,54.21
"2016-06-25 02:00:00",133,1021.932,13.84,49.01,2.438,230.5,24.79,13.91,57.07
"2016-06-25 02:30:00",134,1022.311,13.45,49.44,2.082,188,33.21,13.21,59.65
"2016-06-25 03:00:00",135,1022.324,13.18,50.45,3.471,232.9,12.07,13.03,60.15
"2016-06-25 03:30:00",136,1022.421,12.63,51.64,2.897,215.7,32.86,12.9,59.95
"2016-06-25 04:00:00",137,1022.626,12.94,50.19,2.101,176.3,35.81,12.8,60.58
"2016-06-25 04:30:00",138,1022.727,12.84,53.22,2.335,232.9,20.03,12.09,64.35
"2016-06-25 05:00:00",139,1022.935,13.5,55,2.879,238.1,6.97,12.63,63.15
"2016-06-25 05:30:00",140,1023.2,15.63,50.47,1.944,247.8,17.96,14.49,56.1
"2016-06-25 06:00:00",141,1023.197,18.07,45.47,0.741,250.2,53.26,15.5,53.63
"2016-06-25 06:30:00",142,1023.203,16.95,43.92,1.377,100.2,22.94,15.99,54.27
"2016-06-25 07:00:00",143,1023.456,16.25,46.83,1.943,110.1,17.27,15.93,56.43
"2016-06-25 07:30:00",144,1023.47,17.42,43.33,1.624,90.9,32.84,16.94,52.29
"2016-06-25 08:00:00",145,1023.338,18.02,41.54,1.972,90,35.7,17.9,49.72
"2016-06-25 08:30:00",146,1023.037,18.82,39.53,2.738,92.8,29.32,18.86,46.94
"2016-06-25 09:00:00",147,1022.748,19.43,36.55,3.05,95.6,28.1,19.72,42.94
"2016-06-25 09:30:00",148,1022.51,20.06,34.56,2.933,59.81,40.25,20.32,40.6
"2016-06-25 10:00:00",149,1022.32,20.99,33.15,2.381,76.41,63.99,20.95,38.99
"2016-06-25 10:30:00",150,1021.937,21.63,31.07,3.065,77.04,41.54,21.86,36.57
"2016-06-25 11:00:00",151,1021.721,22.21,29.22,2.507,61.71,52.69,22.32,34.37
"2016-06-25 11:30:00",152,1021.398,23.06,27.36,2.395,44.12,56.09,23.08,32.07
"2016-06-25 12:00:00",153,1021.086,23.66,25.78,2.751,70,52.7,23.91,30
"2016-06-25 12:30:00",154,1020.889,24.49,23.89,2.803,35.5,61.29,24.7,27.39
"2016-06-25 13:00:00",155,1020.561,24.35,22.37,3.038,52.76,51.74,24.74,25.5
"2016-06-25 13:30:00",156,1020.378,25.59,21.09,2.508,0.474,83.9,25.37,24.09
"2016-06-25 14:00:00",157,1020.082,26.08,20.44,2.738,113,49.03,25.93,23.66
"2016-06-25 14:30:00",158,1019.747,26.41,21.06,2.446,263.3,77.37,25.74,23.71
"2016-06-25 15:00:00",159,1019.442,25.83,22.2,3.076,97.4,47.09,26.23,25.15
"2016-06-25 15:30:00",160,1019.02,25.93,23.3,3.534,99.4,38.4,26.41,26.31
"2016-06-25 16:00:00",161,1018.834,25.43,24.24,3.27,98.1,28.89,26.09,27.16
"2016-06-25 16:30:00",162,1018.559,26.27,23.12,2.257,52.65,45.76,26.52,26.57
"2016-06-25 17:00:00",163,1018.352,26.06,23.13,2.278,27.86,57.04,26.23,26.37
"2016-06-25 17:30:00",164,1018.135,25.61,24.28,2.592,39.55,37.93,25.85,27.92
"2016-06-25 18:00:00",165,1018.126,25.73,24.89,1.466,44.28,52.81,25.8,28.76
"2016-06-25 18:30:00",166,1018.113,24.97,26.08,2.206,52.79,22.93,25.36,29.73
"2016-06-25 19:00:00",167,1018.055,24.78,26.71,0.896,63.36,38.74,24.88,30.82
"2016-06-25 19:30:00",168,1018.034,23.9,30.26,1.244,124.5,40.87,23.93,35.02
"2016-06-25 20:00:00",169,1018.183,22.81,33.71,2.351,205,15.77,22.04,40.25
"2016-06-25 20:30:00",170,1018.386,21.66,36.17,2.615,202,17.93,21.13,42.09
"2016-06-25 21:00:00",171,1018.629,20.43,38.71,2.57,226.9,4.379,19.84,45.71
"2016-06-25 21:30:00",172,1018.737,19.3,40.82,3.389,230.7,5.104,18.81,48.07
"2016-06-25 22:00:00",173,1018.857,18.61,41.47,3.098,239.9,9.19,18.8,46.99
"2016-06-25 22:30:00",174,1018.936,18.02,42.42,2.984,246.1,8.05,18.15,48.43
"2016-06-25 23:00:00",175,1019.143,17.36,44.05,2.758,235.9,7.469,17.35,50.74
"2016-06-25 23:30:00",176,1019.276,16.77,45.8,2.22,231.7,7.049,16.39,53.8
"2016-06-26 00:00:00",177,1019.454,16.03,49.63,1.648,237.4,9.76,15.45,58.86
"2016-06-26 00:30:00",178,1019.567,15.25,53.8,2.166,236.7,5.789,15.01,63.08
"2016-06-26 01:00:00",179,1019.625,14.48,56.8,2.739,238.6,7.328,14.46,66.08
"2016-06-26 01:30:00",180,1019.785,13.95,58.89,2.499,239.9,6.336,13.96,68.55
"2016-06-26 02:00:00",181,1019.93,13.48,61.21,2.282,236.2,5.329,13.4,71.87
"2016-06-26 02:30:00",182,1019.958,13.11,62.81,2.314,237.6,4.09,12.86,74.3
"2016-06-26 03:00:00",183,1020.074,12.59,64.34,2.581,239.4,6.269,12.36,76.24
"2016-06-26 03:30:00",184,1020.344,12.15,65.82,2.391,238.6,5.278,12.05,77.59
"2016-06-26 04:00:00",185,1020.588,11.85,66.69,2.398,238.6,6.112,11.68,79.08
"2016-06-26 04:30:00",186,1020.873,11.71,67.83,2.828,242.1,4.576,11.51,79
"2016-06-26 05:00:00",187,1021.203,13.84,65.18,1.807,242.1,12.75,12.96,73.69
"2016-06-26 05:30:00",188,1021.388,16.37,58.69,0.433,254.2,32.72,14.3,70.33
"2016-06-26 06:00:00",189,1021.455,17,53.87,0.728,129.3,89.8,15.08,67.56
"2016-06-26 06:30:00",190,1021.521,16.53,53.57,0.77,40.85,49.75,15.3,67.56
"2016-06-26 07:00:00",191,1021.626,17.47,50.89,1.208,105.5,57.29,16.38,63.45
"2016-06-26 07:30:00",192,1021.785,19.02,46.41,1.465,137.7,25.89,17.69,57.51
"2016-06-26 08:00:00",193,1021.718,19.74,42.67,1.724,132.2,35.81,18.85,52.73
"2016-06-26 08:30:00",194,1021.66,20.37,41.04,2.113,126,28.22,19.64,50.1
"2016-06-26 09:00:00",195,1021.588,21.46,38.02,1.951,123.1,38.37,20.78,46.39
"2016-06-26 09:30:00",196,1021.277,23.12,34.81,1.85,136.3,37.6,22.34,42.11
"2016-06-26 10:00:00",197,1021.058,24.06,32.13,2.088,115.1,56.01,23.53,38.38
"2016-06-26 10:30:00",198,1020.802,25.22,28.39,2.5,146.8,31.17,24.77,33.15
"2016-06-26 11:00:00",199,1020.46,25.8,26.13,2.432,87.9,41.74,26,29.82
"2016-06-26 11:30:00",200,1020.176,26.71,24.26,2.758,114.3,37.63,27.15,27.09
"2016-06-26 12:00:00",201,1019.93,28.05,22.48,3.005,146.6,21.6,28.1,25.09
"2016-06-26 12:30:00",202,1019.796,29.21,21.7,2.126,190.4,55.72,28.5,24.56
"2016-06-26 13:00:00",203,1019.47,29.5,20.34,1.917,116.2,82.2,29.14,22.74
"2016-06-26 13:30:00",204,1019.16,30.65,18.71,2.177,175.8,65.71,30.01,20.87
"2016-06-26 14:00:00",205,1018.902,30.11,18.55,2.01,117.3,55.5,30.13,20.54
"2016-06-26 14:30:00",206,1018.594,30.31,18.88,2.018,92.1,74.69,30.37,20.84
"2016-06-26 15:00:00",207,1018.236,30.4,19.2,1.934,70.08,55.34,30.63,21.18
"2016-06-26 15:30:00",208,1017.914,30.42,19.43,2.395,110.6,49.54,30.68,21.34
"2016-06-26 16:00:00",209,1017.651,30.36,19.18,2.087,37.7,47.12,30.75,20.76
"2016-06-26 16:30:00",210,1017.51,30.35,19,2.05,67.55,33.78,30.86,20.57
"2016-06-26 17:00:00",211,1017.449,30.17,18.94,1.904,95.6,34.13,30.59,20.54
"2016-06-26 17:30:00",212,1017.272,30.21,19.29,1.999,112.1,31.51,30.61,20.93
"2016-06-26 18:00:00",213,1017.207,29.92,19.98,1.806,67.13,36.97,30.36,21.57
"2016-06-26 18:30:00",214,1017.352,29.59,20.21,1.739,59.62,22.18,30.02,21.63
"2016-06-26 19:00:00",215,1017.379,29.28,20.64,0.94,92.5,37.06,29.49,22.33
"2016-06-26 19:30:00",216,1017.35,28.77,21.74,1.288,218.6,27.74,28.49,24.03
"2016-06-26 20:00:00",217,1017.411,26.88,24.83,3.034,226.2,3.147,26.11,28.4
"2016-06-26 20:30:00",218,1017.55,24.68,28.04,4.428,228.6,2.986,24.09,31.69
"2016-06-26 21:00:00",219,1017.766,23.57,30.51,4.743,231.8,3.935,23.51,33.79
"2016-06-26 21:30:00",220,1017.87,23.01,34.62,4.093,228,8.28,23.15,38.23
"2016-06-26 22:00:00",221,1017.815,22.62,35.11,4.179,234.2,7.609,22.84,38.74
"2016-06-26 22:30:00",222,1017.817,21.62,36.32,3.908,239.1,4.878,21.72,40.55
"2016-06-26 23:00:00",223,1017.946,21.02,36.15,2.347,232.3,13.65,20.86,41.29
"2016-06-26 23:30:00",224,1018.055,19.9,39.31,2.48,236.8,10.86,19.51,45.17
"2016-06-27 00:00:00",225,1018.054,19.1,42.43,2.264,241.1,10.5,18.97,48.48
"2016-06-27 00:30:00",226,1018.03,18.36,45.12,2.457,235.3,5.733,18.17,51.98
"2016-06-27 01:00:00",227,1017.973,17.51,47.84,2.447,244,7.668,17.57,54.84
"2016-06-27 01:30:00",228,1018.116,17.01,49.65,1.828,243.9,14.81,16.88,57.91
"2016-06-27 02:00:00",229,1018.172,16.31,52.29,2.579,236.3,4.742,16.07,61.11
"2016-06-27 02:30:00",230,1018.257,15.81,53.76,2.468,235.9,4.749,15.6,63.04
"2016-06-27 03:00:00",231,1018.436,15.28,55,3.227,243.1,5.598,15.21,64.13
"2016-06-27 03:30:00",232,1018.68,14.29,57.23,2.81,252.2,16.54,14.37,66.78
"2016-06-27 04:00:00",233,1018.838,14.36,56.14,2.668,234.9,6.02,14.03,66.64
"2016-06-27 04:30:00",234,1019.012,14.9,55.5,2.139,229.2,6.393,14.06,66.4
"2016-06-27 05:00:00",235,1019.35,16.91,54.1,1.331,229.9,18.53,15.61,61.88
"2016-06-27 05:30:00",236,1019.542,17.97,50.34,0.335,34.72,90.4,16.54,61.09
"2016-06-27 06:00:00",237,1019.721,18.39,47.95,0.785,128.8,32.57,17.36,58.22
"2016-06-27 06:30:00",238,1019.712,20.08,44.63,1.028,152,41.5,18.46,54.36
"2016-06-27 07:00:00",239,1019.611,20.36,41.19,1.369,133.7,28.46,19.21,50.26
"2016-06-27 07:30:00",240,1019.516,21.19,39.91,1.891,141.9,18.73,20.06,48.28
"2016-06-27 08:00:00",241,1019.378,21.59,39.01,2.455,144.6,20.93,20.99,46.11
"2016-06-27 08:30:00",242,1019.156,24.14,35.31,1.896,166.4,40.68,22.61,41.9
"2016-06-27 09:00:00",243,1018.658,24.99,32.1,1.379,132.4,52.48,23.93,38.59
"2016-06-27 09:30:00",244,1018.312,26.78,29.48,1.892,166.2,38.21,25.45,34.81
"2016-06-27 10:00:00",245,1018.054,28.74,26.07,2.095,179.2,53.27,27.22,29.98
"2016-06-27 10:30:00",246,1017.809,28.54,24.76,1.883,149.2,66.4,27.99,28.5
"2016-06-27 11:00:00",247,1017.47,29.47,23.75,2.016,131.9,37.46,29.26,26.69
"2016-06-27 11:30:00",248,1017.148,30.47,23.15,1.772,136.9,51.38,30.36,25.92
"2016-06-27 12:00:00",249,1016.637,31.8,22.48,1.488,148.3,46.75,31.44,25.21
"2016-06-27 12:30:00",250,1016.126,32.89,21.32,1.378,130.1,58.62,32.72,23.52
"2016-06-27 13:00:00",251,1015.708,34.35,19.27,1.387,177.3,79.45,33.87,20.83
"2016-06-27 13:30:00",252,1015.24,34.96,17.15,1.497,118.2,85.2,34.61,18.06
"2016-06-27 14:00:00",253,1014.855,35.61,16.62,1.671,291.8,73.72,34.91,17.34
"2016-06-27 14:30:00",254,1014.648,35.65,16.09,1.429,328.5,86.7,35.14,16.81
"2016-06-27 15:00:00",255,1014.309,35.61,17.16,1.949,7.406,75.55,35.49,17.89
"2016-06-27 15:30:00",256,1014.106,35.28,17.69,2.202,325.9,29.7,35.19,18.17
"2016-06-27 16:00:00",257,1013.954,35.36,18.82,2.036,0.299,42.28,35.57,19.53
"2016-06-27 16:30:00",258,1013.779,34.78,19.04,2.437,17.09,25.56,35.34,19.55
"2016-06-27 17:00:00",259,1013.589,34.99,18.84,2.003,351.6,27.45,35.41,19.17
"2016-06-27 17:30:00",260,1013.503,34.76,19.54,1.831,338,19.24,35.04,20.05
"2016-06-27 18:00:00",261,1013.506,34.01,20.63,1.99,356.2,24.81,34.44,21.3
"2016-06-27 18:30:00",262,1013.649,33.78,20.59,1.272,324.4,16.16,34.07,21.16
"2016-06-27 19:00:00",263,1013.66,33.28,21.64,1.258,288.1,35.28,33.09,22.91
"2016-06-27 19:30:00",264,1013.714,31.85,23.4,1.228,261.2,38.26,31.5,25.26
"2016-06-27 20:00:00",265,1013.986,30.36,25.99,3.135,231.4,8.54,30.36,27.49
"2016-06-27 20:30:00",266,1014.356,29.86,26.64,3.897,235.3,5.521,30.03,28.21
"2016-06-27 21:00:00",267,1014.223,27.9,32.17,3.86,227.8,29.14,27.78,37.51
"2016-06-27 21:30:00",268,1014.481,27.44,31.79,4.463,228.8,5.285,27.41,37.12
"2016-06-27 22:00:00",269,1014.664,26.49,32.5,4.361,232.3,4.687,26.65,36.27
"2016-06-27 22:30:00",270,1014.839,26.09,32.73,3.495,208.7,21.15,25.83,37.59
"2016-06-27 23:00:00",271,1014.654,25.7,32.63,3.471,220.7,12.97,25.52,37.34
"2016-06-27 23:30:00",272,1014.872,25.77,31.52,5.431,226.2,5.493,26.2,34.01
"2016-06-28 00:00:00",273,1015.027,25.43,32.37,4.014,240,8.02,25.57,35.5
"2016-06-28 00:30:00",274,1015.055,24.62,33.28,3.184,230.4,41.93,24.6,37.29
"2016-06-28 01:00:00",275,1015.272,23.36,36.83,3.286,205.6,22.17,22.96,42.34
"2016-06-28 01:30:00",276,1015.452,22.44,37.38,3.31,230.7,11.94,21.98,42.8
"2016-06-28 02:00:00",277,1015.602,21.49,38.47,3.054,232.1,9.56,21.29,43.7
"2016-06-28 02:30:00",278,1015.798,20.85,39.55,3.751,233.2,7.813,20.77,44.86
"2016-06-28 03:00:00",279,1015.977,19.95,43.52,3.266,233.9,4.372,19.65,49.88
"2016-06-28 03:30:00",280,1016.151,19.74,48.31,3.362,237.9,7.094,19.46,55.82
"2016-06-28 04:00:00",281,1016.332,19,47.96,2.774,239.5,8.08,18.86,55.18
"2016-06-28 04:30:00",282,1016.649,18.77,51.51,2.372,240.4,10.19,18.67,58.37
"2016-06-28 05:00:00",283,1017.052,20.66,52.2,1.754,229.1,6.233,19.56,57.49
"2016-06-28 05:30:00",284,1017.372,21.74,50.71,0.876,222.3,64.51,20.44,58.32
"2016-06-28 06:00:00",285,1017.569,22.86,49.01,0.717,262.9,38.63,20.49,59.65
"2016-06-28 06:30:00",286,1017.676,23.37,46.25,0.893,170.4,61,21.64,56.54
"2016-06-28 07:00:00",287,1017.784,25.17,43.36,1.169,178.6,32.07,23.09,52.33
"2016-06-28 07:30:00",288,1017.782,25.59,40.17,0.828,124.4,86.8,23.93,49.59
"2016-06-28 08:00:00",289,1017.85,25.74,38.02,1.374,119,43.21,25.11,45.5
"2016-06-28 08:30:00",290,1017.837,27.12,36.67,1.738,152.8,34.35,26.2,43.44
"2016-06-28 09:00:00",291,1017.742,28.29,33.45,1.746,146.4,25.09,27.5,38.95
"2016-06-28 09:30:00",292,1017.554,30.15,29.29,1.461,178.2,34.73,28.85,34.12
"2016-06-28 10:00:00",293,1017.189,30.94,27.12,1.336,97.5,68.45,30.09,31.18
"2016-06-28 10:30:00",294,1017.087,31.12,26.01,1.701,121,56.38,30.84,29.44
"2016-06-28 11:00:00",295,1016.889,32.29,24.11,1.659,130.7,51.17,32.04,26.64
"2016-06-28 11:30:00",296,1016.475,33.6,22.31,1.329,153,85.1,32.98,24.76
"2016-06-28 12:00:00",297,1016.05,34.3,22.42,1.446,141.1,51.27,33.85,24.99
"2016-06-28 12:30:00",298,1015.708,34.52,22.25,2.105,141.9,39.09,34.31,24.33
"2016-06-28 13:00:00",299,1015.317,34.36,20.24,2.583,116.9,31.33,34.71,21.48
"2016-06-28 13:30:00",300,1015.078,34.86,17.74,2.102,62.57,71.65,35.12,18.36
"2016-06-28 14:00:00",301,1014.727,34.77,17.52,2.364,30.73,56.26,35.18,18.06
"2016-06-28 14:30:00",302,1014.544,35.29,17.47,1.662,7.466,70.45,35.37,18.11
"2016-06-28 15:00:00",303,1014.162,35.09,17.38,2.082,41.83,57.07,35.54,17.88
"2016-06-28 15:30:00",304,1013.955,35.13,17.18,1.824,355.1,45.64,35.32,17.69
"2016-06-28 16:00:00",305,1013.706,35.07,18.11,1.835,41.84,42.59,35.5,18.87
"2016-06-28 16:30:00",306,1013.381,34.73,18.11,2.283,28.24,36.02,35.35,18.57
"2016-06-28 17:00:00",307,1013.08,34.16,19.24,2.443,42.87,18.28,34.88,19.87
"2016-06-28 17:30:00",308,1013,33.9,20.38,2.309,54.74,24.33,34.57,21.2
"2016-06-28 18:00:00",309,1013.069,33.74,20.45,1.851,40.48,18.09,34.24,21.31
"2016-06-28 18:30:00",310,1013.044,33.49,20.64,1.281,41.81,27,33.85,21.64
"2016-06-28 19:00:00",311,1013.081,33.08,21.58,1.086,121.8,22.54,33.27,22.99
"2016-06-28 19:30:00",312,1013.073,32.34,23.42,1.275,181,39.87,32.09,25.52
"2016-06-28 20:00:00",313,1013.212,30.84,25.55,2.438,218.4,7.452,29.77,29.38
"2016-06-28 20:30:00",314,1013.366,29.15,27,3.117,226.3,3.599,28.23,30.66
"2016-06-28 21:00:00",315,1013.531,27.27,29.56,4.573,230.8,4.558,27.13,32.32
"2016-06-28 21:30:00",316,1013.769,26.18,30.88,3.971,227.1,4.029,26.16,33.82
"2016-06-28 22:00:00",317,1013.802,26.16,30.85,3.363,232.7,8.2,26.33,33.4
"2016-06-28 22:30:00",318,1013.973,25.86,31.47,3.433,237,8.69,25.86,34.61
"2016-06-28 23:00:00",319,1014.018,25.11,32.75,2.69,224.3,12.12,24.86,36.75
"2016-06-28 23:30:00",320,1013.953,23.63,35.71,1.88,218.9,12.75,23.13,41.07
"2016-06-29 00:00:00",321,1014.081,22.29,38.84,3.254,226.7,8.01,21.91,44.54
"2016-06-29 00:30:00",322,1014.332,21.41,42.82,2.722,239.5,9.09,21.45,48.17
"2016-06-29 01:00:00",323,1014.558,20.58,45.97,2.698,238,7.04,20.56,52.19
"2016-06-29 01:30:00",324,1014.755,19.95,47.67,2.549,237.3,5.086,19.91,54.53
"2016-06-29 02:00:00",325,1014.83,19.42,48.9,2.634,240.6,6.762,19.42,56.03
"2016-06-29 02:30:00",326,1014.884,18.78,50.41,2.554,236.9,6.085,18.73,58.11
"2016-06-29 03:00:00",327,1015.016,18.17,51.76,2.746,239.8,7.878,18.21,59.51
"2016-06-29 03:30:00",328,1015.178,17.66,53.14,2.483,233.9,8.81,17.66,61.4
"2016-06-29 04:00:00",329,1015.412,17.1,54.68,2.837,233.5,5.297,16.98,63.62
"2016-06-29 04:30:00",330,1015.854,17.17,55.32,2.349,241.5,10.77,16.98,63.6
"2016-06-29 05:00:00",331,1016.172,19.3,53.48,1.73,231.1,8.34,18.23,60.21
"2016-06-29 05:30:00",332,1016.29,20.92,50.21,1.16,257,34.39,19.25,57.37
"2016-06-29 06:00:00",333,1016.372,21.28,46.68,0.707,123.4,94.8,19.59,56.99
"2016-06-29 06:30:00",334,1016.384,21.22,45.04,1.008,109.1,26.3,20.45,54.36
"2016-06-29 07:00:00",335,1016.425,22.63,42.42,1.071,131.1,53.11,21.53,51.2
"2016-06-29 07:30:00",336,1016.545,24.31,39.31,1.44,149.1,34.01,22.83,47.57
"2016-06-29 08:00:00",337,1016.57,24.6,37.85,1.631,141.5,29.89,23.78,45.33
"2016-06-29 08:30:00",338,1016.515,24.96,35.53,1.616,84.5,38.04,24.42,42.61
"2016-06-29 09:00:00",339,1016.352,27.36,32.68,1.747,166.2,30.69,26.15,38.27
"2016-06-29 09:30:00",340,1016.09,28.94,29.56,1.619,165.3,38.08,27.7,34.68
"2016-06-29 10:00:00",341,1015.751,30.63,27.79,1.762,164.6,42.49,29.36,31.94
"2016-06-29 10:30:00",342,1015.447,31.11,26.7,1.933,159.9,37.06,30.34,30.44
"2016-06-29 11:00:00",343,1015.125,32.13,25.92,1.511,148.6,60,31.38,29.9
"2016-06-29 11:30:00",344,1014.644,33.24,24.59,1.623,145.9,58.43,32.7,27.55
"2016-06-29 12:00:00",345,1014.124,34.05,23.83,1.61,155,33.48,33.59,26.47
"2016-06-29 12:30:00",346,1013.61,34.41,21.96,1.998,134.1,25.06,34.26,24.14
"2016-06-29 13:00:00",347,1013.27,35.42,18.54,1.596,134.9,57.93,35.07,19.85
"2016-06-29 13:30:00",348,1012.785,35.29,17.94,2.177,92.1,58.83,35.58,18.89
"2016-06-29 14:00:00",349,1012.48,35.57,15.58,1.672,66.16,47.61,35.95,15.83
"2016-06-29 14:30:00",350,1012.164,35.75,16.06,1.862,0.426,46.17,35.88,16.5
"2016-06-29 15:00:00",351,1011.847,35.45,16.17,2.244,41.19,29.28,36.09,16.47
"2016-06-29 15:30:00",352,1011.563,35.22,15.79,2.588,59.26,24.91,36.04,15.72
"2016-06-29 16:00:00",353,1011.247,35.29,15.6,2.389,41.71,21.42,36.01,15.52
"2016-06-29 16:30:00",354,1010.913,35.36,14.96,2.322,31.44,25.59,36.05,14.72
"2016-06-29 17:00:00",355,1010.687,35.09,14.91,2.529,36.53,18.72,35.76,14.74
"2016-06-29 17:30:00",356,1010.6,34.98,15.68,2.178,8.38,26.36,35.57,15.49
"2016-06-29 18:00:00",357,1010.652,34.76,16.07,1.805,27.08,23.03,35.21,16.09
"2016-06-29 18:30:00",358,1010.654,34.53,17.25,1.137,340.8,41.55,34.78,17.51
"2016-06-29 19:00:00",359,1010.628,33.92,18.91,1.416,283.8,15.64,33.63,19.72
"2016-06-29 19:30:00",360,1010.649,32.53,19.54,1.825,269.2,18.73,32.46,20.34
"2016-06-29 20:00:00",361,1010.755,31.1,21.41,2.73,233.1,7.552,31.27,22.1
"2016-06-29 20:30:00",362,1010.911,30.26,22.22,3.488,238.4,7.279,30.43,23.16
"2016-06-29 21:00:00",363,1011.139,29.18,23.67,3.194,229.6,10.31,29.38,24.96
"2016-06-29 21:30:00",364,1011.242,28.62,23.6,3.523,226.1,14.64,28.66,25.16
"2016-06-29 22:00:00",365,1011.337,27.5,25.15,4.873,239.7,6.024,27.81,26.52
"2016-06-29 22:30:00",366,1011.527,26.58,25.9,4.207,229.5,9.79,26.86,27.52
"2016-06-29 23:00:00",367,1011.615,26.31,26.78,2.655,219.1,15.65,26.1,29.44
"2016-06-29 23:30:00",368,1011.561,25.78,29.62,1.953,227,49.83,25.17,33.73
"2016-06-30 00:00:00",369,1011.62,24.58,30.65,2.09,235.4,14.98,24.18,35.03
"2016-06-30 00:30:00",370,1011.627,24.01,33.26,3.45,228.9,17.53,23.59,37.82
"2016-06-30 01:00:00",371,1011.91,22.98,35.99,1.185,233,25.66,22.24,42.28
"2016-06-30 01:30:00",372,1012.116,21.86,41.24,2.623,235.5,10.62,21.67,46.87
"2016-06-30 02:00:00",373,1012.346,21.47,42.59,2.991,237.3,18.62,21.53,48.03
"2016-06-30 02:30:00",374,1012.538,21.22,43.08,2.731,232.6,8.66,21.3,48.69
"2016-06-30 03:00:00",375,1012.882,21.2,42.72,2.744,227.2,7.52,21.28,48.31
"2016-06-30 03:30:00",376,1013.231,21.07,42.25,2.194,234.6,20.26,20.9,48.48
"2016-06-30 04:00:00",377,1013.62,20.5,43.19,3.389,234.1,10.73,20.4,49.83
"2016-06-30 04:30:00",378,1013.915,20.46,44.01,3.911,232.6,6.324,20.53,49.85
"2016-06-30 05:00:00",379,1014.32,20.88,44.7,3.388,212.7,20.26,20.73,50.24
"2016-06-30 05:30:00",380,1014.886,23.23,42.56,2.502,200.7,25.8,22.4,46.21
"2016-06-30 06:00:00",381,1015.185,23.01,40.96,3.84,151.5,15.01,22.56,46.58
"2016-06-30 06:30:00",382,1015.52,23.25,41.81,4.248,163.3,11.28,23.25,45.71
"2016-06-30 07:00:00",383,1015.707,24.64,37.68,2.304,152.6,16.4,24.04,42.21
"2016-06-30 07:30:00",384,1015.888,26.12,34.16,1.9,159.3,31.48,24.85,39.65
"2016-06-30 08:00:00",385,1015.942,26.8,32.82,2.27,173.9,28.88,25.45,38.03
"2016-06-30 08:30:00",386,1015.863,26.92,31.18,1.985,151.1,42.05,25.84,36.74
"2016-06-30 09:00:00",387,1015.771,27.28,30.58,2.053,137.3,38.03,26.67,35.42
"2016-06-30 09:30:00",388,1015.569,28.81,29.15,2.216,177.5,56.98,27.46,33.68
"2016-06-30 10:00:00",389,1015.329,29.44,27.69,2.804,178.2,39.1,28.43,31.5
"2016-06-30 10:30:00",390,1015.099,30.8,26.05,2.234,182.9,66.9,29.58,28.79
"2016-06-30 11:00:00",391,1014.786,30.44,23.55,2.119,24.96,64.61,30.33,26.34
"2016-06-30 11:30:00",392,1014.596,30.92,23.28,2.582,336.4,44.72,30.78,25.29
"2016-06-30 12:00:00",393,1014.219,31.5,22.9,2.763,319.4,38.18,31.36,24.55
"2016-06-30 12:30:00",394,1013.92,31.79,22.21,2.772,314.9,36.44,31.56,24.18
"2016-06-30 13:00:00",395,1013.621,32,21.85,3.062,321.8,39.53,31.96,23.39
"2016-06-30 13:30:00",396,1013.366,32.32,21.3,2.671,314.3,32.39,32.19,22.94
"2016-06-30 14:00:00",397,1013.003,32.28,21.31,3.268,320.3,30.66,32.51,22.5
"2016-06-30 14:30:00",398,1012.687,32.7,20.7,2.572,318.4,32.06,32.7,22.11
"2016-06-30 15:00:00",399,1012.348,33.19,19.96,3.043,305.4,36.28,33.12,21.02
"2016-06-30 15:30:00",400,1011.916,33.41,19.53,3.443,290.8,20.89,33.13,20.54
"2016-06-30 16:00:00",401,1011.541,33.13,19.06,2.8,315.9,26.63,33.2,19.99
"2016-06-30 16:30:00",402,1011.184,33.17,18.45,3.335,301.8,23.62,33.23,19.14
"2016-06-30 17:00:00",403,1010.97,32.98,18.41,3.171,302.8,17.53,33.16,19.01
"2016-06-30 17:30:00",404,1010.943,32.57,18.27,3.382,309.1,22.83,32.92,18.78
"2016-06-30 18:00:00",405,1011.043,32.29,18.01,3.221,305,16.68,32.59,18.51
"2016-06-30 18:30:00",406,1011.018,31.59,18.16,2.946,308.5,13.18,31.94,18.69
"2016-06-30 19:00:00",407,1011.05,31.03,18.68,2.818,292.1,12.83,31.11,19.49
"2016-06-30 19:30:00",408,1011.111,29.79,20.01,3.39,257.7,18.51,29.93,20.87
"2016-06-30 20:00:00",409,1011.216,27.73,23.17,4.248,240.5,7.033,28.01,24.39
"2016-06-30 20:30:00",410,1011.581,26.46,25.09,5.207,237.6,2.938,26.86,26.49
"2016-06-30 21:00:00",411,1011.861,25.24,27.15,5.3,233.6,4.718,25.55,29.07
"2016-06-30 21:30:00",412,1011.993,24.27,28.27,6.172,229,5.574,24.71,30.31
"2016-06-30 22:00:00",413,1012.196,24.74,26.89,5.673,233.3,6.77,25.19,28.59
"2016-06-30 22:30:00",414,1012.24,23.43,28.29,4.815,206.6,28.01,23.72,30.66
"2016-06-30 23:00:00",415,1012.34,23.57,26.92,6.654,212.7,6.271,23.54,29.82
"2016-06-30 23:30:00",416,1012.418,23.28,26.45,5.725,223.7,12.01,23.28,29.3
"2016-07-01 00:00:00",417,1012.547,21.84,29.44,1.994,192.7,39.33,21.37,34.77
"2016-07-01 00:30:00",418,1012.525,20.74,29.67,3.669,237.3,6.146,20.76,33.31
"2016-07-01 01:00:00",419,1012.694,19.53,34.22,2.369,234.5,17.41,19.52,38.23
"2016-07-01 01:30:00",420,1012.81,18.68,39.16,3.068,239.4,5.569,18.6,44.31
"2016-07-01 02:00:00",421,1013.072,18.07,44.02,2.744,250,14.84,18.29,49.44
"2016-07-01 02:30:00",422,1013.233,17.61,46.56,2.053,238.7,10.99,17.65,53.12
"2016-07-01 03:00:00",423,1013.428,16.87,49.63,2.376,244.8,10.29,16.92,57.06
"2016-07-01 03:30:00",424,1013.497,16.38,51.29,2.457,239.4,11.63,16.44,59.26
"2016-07-01 04:00:00",425,1013.578,15.83,52.86,2.829,237.6,5.563,15.9,61.05
"2016-07-01 04:30:00",426,1013.848,15.87,53.42,2.189,239,6.942,15.78,61.55
"2016-07-01 05:00:00",427,1014.032,17.51,52.43,1.899,237,8.93,16.54,59.34
"2016-07-01 05:30:00",428,1014.409,19.47,48.52,0.567,239.4,50.71,18.06,56.2
"2016-07-01 06:00:00",429,1014.555,21.24,43.69,0.859,180.8,45.8,19.18,52.3
"2016-07-01 06:30:00",430,1014.593,20.79,42.09,0.998,136.1,35.04,19.55,51.91
"2016-07-01 07:00:00",431,1014.754,21.9,40.1,1.029,136.9,43.54,20.48,49.07
"2016-07-01 07:30:00",432,1014.695,22.74,36.64,1.361,108,61.15,21.49,44.6
"2016-07-01 08:00:00",433,1014.465,23.57,34.36,1.839,135.6,38.14,22.71,40.71
"2016-07-01 08:30:00",434,1014.277,24.21,32.31,1.79,128.8,35.86,23.5,38.44
"2016-07-01 09:00:00",435,1014.155,26.1,30.1,1.449,148.6,60.06,24.76,35.96
"2016-07-01 09:30:00",436,1013.884,26.87,28,2.238,148.4,32.46,25.98,32.79
"2016-07-01 10:00:00",437,1013.682,28.13,26.29,1.465,207.3,89.7,26.98,30.83
"2016-07-01 10:30:00",438,1013.41,28.7,25.21,1.733,136.2,40.77,28.13,29.47
"2016-07-01 11:00:00",439,1013.172,29.62,22.86,1.839,150.2,59.99,29.27,25.89
"2016-07-01 11:30:00",440,1012.852,30.75,22.4,1.772,57.25,97.7,30.09,25.17
"2016-07-01 12:00:00",441,1012.512,31.55,21.78,1.421,63.27,82.5,31.04,24.7
"2016-07-01 12:30:00",442,1012.256,31.56,20.71,2.012,341.6,62.98,31.37,22.92
"2016-07-01 13:00:00",443,1011.978,33.14,19.6,2.051,270.1,49.15,32.17,21.16
"2016-07-01 13:30:00",444,1011.582,33.34,18.44,2.901,281.3,38.77,32.47,19.5
"2016-07-01 14:00:00",445,1011.289,33.04,17.56,2.589,326.1,52.02,32.82,18.48
"2016-07-01 14:30:00",446,1011.083,32.5,16.97,3.033,347.2,36.12,32.96,17.56
"2016-07-01 15:00:00",447,1010.832,32.63,16.75,2.659,325.5,34.24,32.77,17.45
"2016-07-01 15:30:00",448,1010.611,32.51,17.09,2.674,320.4,20.83,32.75,17.71
"2016-07-01 16:00:00",449,1010.394,32.85,16.3,3.57,310.8,21.96,33.14,16.57
"2016-07-01 16:30:00",450,1010.317,32.32,14.19,4.872,301.5,12.45,32.8,14
"2016-07-01 17:00:00",451,1010.277,32.07,11.07,6.338,296.5,12.38,32.61,10.45
"2016-07-01 17:30:00",452,1010.4,30.91,12.19,4.934,299.8,9.65,31.35,11.77
"2016-07-01 18:00:00",453,1010.427,30.34,13.8,4.489,298,8.6,30.87,13.52
"2016-07-01 18:30:00",454,1010.4,30.31,14.6,4.129,301.6,9.65,30.86,14.42
"2016-07-01 19:00:00",455,1010.378,30.71,14.62,2.883,285.3,15.46,30.97,14.62
"2016-07-01 19:30:00",456,1010.392,29.66,15.38,3.464,269.4,15.04,29.88,15.6
"2016-07-01 20:00:00",457,1010.608,28.08,16.29,3.98,272.3,14.82,28.36,16.71
"2016-07-01 20:30:00",458,1010.996,26.73,18.95,3.638,248.5,18.47,26.99,19.79
"2016-07-01 21:00:00",459,1011.211,25.17,21.01,4.67,234.7,4.494,25.39,22.29
"2016-07-01 21:30:00",460,1011.238,23.63,23.16,5.422,232,5.044,23.88,24.86
"2016-07-01 22:00:00",461,1011.398,23.54,22.97,3.541,232.2,15.39,23.8,24.7
"2016-07-01 22:30:00",462,1011.608,23.24,22.99,4.388,226.2,6.449,23.16,25.3
"2016-07-01 23:00:00",463,1011.507,22.09,23.9,3.579,240.5,38.85,22.06,26.32
"2016-07-01 23:30:00",464,1011.46,21.52,24.56,2.598,228.5,13.06,21.67,27.03
"2016-07-02 00:00:00",465,1011.294,20.71,26.06,3.302,232.3,6.559,20.45,29.37
"2016-07-02 00:30:00",466,1011.358,19.54,29.72,2.668,241.6,8.62,19.53,32.92
"2016-07-02 01:00:00",467,1011.36,18.65,33.52,2.8,235.9,3.712,18.56,36.9
"2016-07-02 01:30:00",468,1011.343,18.12,34.45,2.756,241.6,7.768,17.98,38.55
"2016-07-02 02:00:00",469,1011.495,17.88,37.68,1.827,238.1,8.66,17.75,42.06
"2016-07-02 02:30:00",470,1011.626,17.55,40.01,1.868,239.9,9.65,17.42,45.63
"2016-07-02 03:00:00",471,1011.818,17.08,42.78,1.684,242,13.63,17.05,49.17
"2016-07-02 03:30:00",472,1012.047,16.79,43.96,1.541,243.4,13.05,16.57,51.09
"2016-07-02 04:00:00",473,1012.363,16.38,45.51,1.915,236.4,7.761,16.26,52.68
"2016-07-02 04:30:00",474,1012.647,16.46,46.3,2.061,244.6,8.44,16.29,53.14
"2016-07-02 05:00:00",475,1012.933,16.93,46.2,1.718,250.9,12.68,16.46,53.28
"2016-07-02 05:30:00",476,1013.111,17.22,46.61,1.549,232.4,16.2,16.51,53.8
"2016-07-02 06:00:00",477,1013.234,19.1,42.33,0.77,183,76.59,17.83,50.65
"2016-07-02 06:30:00",478,1013.208,19.48,40.99,0.918,126.1,38.87,18.57,50
"2016-07-02 07:00:00",479,1013.285,20.95,38.84,0.897,135.4,64.21,19.62,47.67
"2016-07-02 07:30:00",480,1013.266,23.11,36.13,1.271,173.2,55.09,21.13,44.22
"2016-07-02 08:00:00",481,1013.198,24.06,33.5,1.39,149.1,55.12,22.32,40.86
"2016-07-02 08:30:00",482,1013.173,25.08,30.31,1.317,157.8,74.13,23.52,37.12
"2016-07-02 09:00:00",483,1013.088,27.15,25.18,1.756,165.3,30.02,25.48,30.26
"2016-07-02 09:30:00",484,1012.894,27.73,23.37,1.941,158,29.7,26.47,27.68
"2016-07-02 10:00:00",485,1012.691,27.84,23.69,2.63,156.4,27.15,27.17,27.16
"2016-07-02 10:30:00",486,1012.65,28.2,23.63,2.399,155.5,25.88,27.72,26.95
"2016-07-02 11:00:00",487,1012.374,29.22,23.42,2.97,157.2,26.79,28.93,26.14
"2016-07-02 11:30:00",488,1012.162,29.05,24.64,2.126,143.7,27.84,28.88,27.55
"2016-07-02 12:00:00",489,1012.023,29.33,25.18,1.904,164.6,29.52,28.94,28.36
"2016-07-02 12:30:00",490,1011.772,29.39,25.98,1.842,148.1,37.91,29.06,29.09
"2016-07-02 13:00:00",491,1011.754,29.08,26.67,1.346,143.6,50.24,28.99,30.09
"2016-07-02 13:30:00",492,1011.702,29.37,27.94,1.419,323.5,79.36,29.23,31.48
"2016-07-02 14:00:00",493,1011.704,29.11,29.66,1.916,356.8,42.67,29.28,32.78
"2016-07-02 14:30:00",494,1011.565,28.85,30.02,1.691,26.54,40.38,29.12,33.47
"2016-07-02 15:00:00",495,1011.325,29.59,28.05,2.031,108.8,48.47,29.8,31.96
"2016-07-02 15:30:00",496,1010.881,30.23,26.34,1.999,96.3,56.81,30.28,30.69
"2016-07-02 16:00:00",497,1010.631,30.17,26.83,2.626,133.4,25.62,30.41,30.46
"2016-07-02 16:30:00",498,1010.326,30.08,26.99,2.157,113.4,34.19,30.4,30.86
"2016-07-02 17:00:00",499,1009.952,30.2,27.13,2.058,120,30.13,30.45,31
"2016-07-02 17:30:00",500,1009.483,30.13,27.61,1.714,111.8,32.99,30.38,31.39
"2016-07-02 18:00:00",501,1009.324,30.07,28,1.92,110.5,25.37,30.48,31.62
"2016-07-02 18:30:00",502,1009.319,29.9,28.88,1.757,111.4,25.1,30.3,32.45
"2016-07-02 19:00:00",503,1009.265,29.36,30.46,1.606,117.7,17.16,29.74,33.98
"2016-07-02 19:30:00",504,1009.26,29.04,31.48,1.101,152.4,21.64,29.02,35.66
"2016-07-02 20:00:00",505,1009.398,28.08,34.16,1.819,199.9,13.24,27.25,39.8
"2016-07-02 20:30:00",506,1009.677,26.44,37.14,3.144,223.5,2.578,25.65,42.83
"2016-07-02 21:00:00",507,1009.81,24.81,39.82,4.408,230,4.053,24.58,44.87
"2016-07-02 21:30:00",508,1009.822,24.29,40.74,3.45,226.2,4.824,24.19,45.8
"2016-07-02 22:00:00",509,1009.881,23.71,41.27,3.691,234.4,11.86,23.87,45.97
"2016-07-02 22:30:00",510,1010.012,22.97,41.82,3.468,231.9,9.67,23.09,46.99
"2016-07-02 23:00:00",511,1009.929,22.71,41.15,3.342,230.1,7.181,22.87,46.03
"2016-07-02 23:30:00",512,1009.873,21.99,41.79,3.288,230.7,9.39,21.98,47.49
"2016-07-03 00:00:00",513,1009.933,21.01,43.52,3.295,239.8,9.07,21.02,49.67
